0 1.057903e-05
1 9.048775e-06
2 7.623857e-06
3 6.331051e-06
4 5.190436e-06
5 4.212916e-06
6 3.398899e-06
7 2.738168e-06
8 2.212354e-06
9 1.798420e-06
10 1.472479e-06
11 1.212773e-06
12 1.001558e-06
13 8.254989e-07
14 6.755336e-07
15 5.459367e-07
16 4.334655e-07
17 3.365561e-07
18 2.543581e-07
19 1.863209e-07
20 1.318144e-07
21 8.979454e-08
22 5.899036e-08
23 3.740158e-08
24 2.232057e-08
25 1.209461e-08
26 1.583764e-05
27 1.341542e-05
28 1.119398e-05
29 9.213793e-06
30 7.500348e-06
31 6.061092e-06
32 4.884726e-06
33 3.944520e-06
34 3.203913e-06
35 2.622102e-06
36 2.160916e-06
37 1.788361e-06
38 1.479589e-06
39 1.217330e-06
40 9.906968e-07
41 7.932384e-07
42 6.216880e-07
43 4.746618e-07
44 3.514843e-07
45 2.512874e-07
46 1.728524e-07
47 1.146080e-07
48 7.372528e-08
49 4.487861e-08
50 2.484755e-08
51 1.202965e-08
52 1.753144e-05
53 1.482664e-05
54 1.234707e-05
55 1.014059e-05
56 8.237190e-06
57 6.644792e-06
58 5.349342e-06
59 4.318692e-06
60 3.510189e-06
61 2.876942e-06
62 2.375327e-06
63 1.969618e-06
64 1.632393e-06
65 1.344856e-06
66 1.095240e-06
67 8.768989e-07
68 6.865648e-07
69 5.231417e-07
70 3.861344e-07
71 2.746893e-07
72 1.876542e-07
73 1.240217e-07
74 7.957751e-08
75 4.787254e-08
76 2.590181e-08
77 1.206217e-08
78 1.864194e-05
79 1.575163e-05
80 1.310260e-05
81 1.074757e-05
82 8.719515e-06
83 7.026838e-06
84 5.653585e-06
85 4.563887e-06
86 3.710800e-06
87 3.044029e-06
88 2.515892e-06
89 2.088533e-06
90 1.732634e-06
91 1.428487e-06
92 1.163845e-06
93 9.317871e-07
94 7.291254e-07
95 5.549434e-07
96 4.088683e-07
97 2.900159e-07
98 1.973895e-07
99 1.302212e-07
100 8.344207e-08
101 4.983933e-08
102 2.659402e-08
103 1.210204e-08
104 1.970058e-05
105 1.663342e-05
106 1.382278e-05
107 1.132607e-05
108 9.179059e-06
109 7.390758e-06
110 5.943542e-06
111 4.797944e-06
112 3.902360e-06
113 3.202926e-06
114 2.649981e-06
115 2.201712e-06
116 1.828216e-06
117 1.508175e-06
118 1.229152e-06
119 9.840384e-07
120 7.696929e-07
121 5.852508e-07
122 4.304855e-07
123 3.046237e-07
124 2.066473e-07
125 1.361048e-07
126 8.709329e-08
127 5.171147e-08
128 2.725203e-08
129 1.213020e-08
130 3.335635e-05
131 2.769886e-05
132 2.273869e-05
133 1.851358e-05
134 1.501036e-05
135 1.217088e-05
136 9.906777e-06
137 8.114547e-06
138 6.690988e-06
139 5.542822e-06
140 4.596455e-06
141 3.797555e-06
142 3.109590e-06
143 2.510488e-06
144 1.988320e-06
145 1.537371e-06
146 1.155276e-06
147 8.401926e-07
148 5.889919e-07
149 3.969303e-07
150 2.578229e-07
151 1.618825e-07
152 9.421521e-08
153 4.842262e-08
154 2.088574e-08
155 6.421345e-09
156 4.243398e-05
157 3.506770e-05
158 2.869016e-05
159 2.332378e-05
160 1.892190e-05
161 1.538190e-05
162 1.257011e-05
163 1.034167e-05
164 8.559652e-06
165 7.107961e-06
166 5.896829e-06
167 4.862163e-06
168 3.963276e-06
169 3.177723e-06
170 2.493536e-06
171 1.906017e-06
172 1.412750e-06
173 1.011104e-06
174 6.961194e-07
175 4.602484e-07
176 2.947490e-07
177 1.803658e-07
178 9.935329e-08
179 4.704254e-08
180 1.753494e-08
181 3.261599e-09
182 4.802183e-05
183 3.959884e-05
184 3.234200e-05
185 2.626666e-05
186 2.130706e-05
187 1.733475e-05
188 1.418735e-05
189 1.169390e-05
190 9.695899e-06
191 8.061813e-06
192 6.691339e-06
193 5.515323e-06
194 4.490189e-06
195 3.591978e-06
196 2.809402e-06
197 2.137992e-06
198 1.575902e-06
199 1.120157e-06
200 7.647278e-07
201 5.010647e-07
202 3.192673e-07
203 1.928060e-07
204 1.031240e-07
205 4.643258e-08
206 1.552871e-08
207 1.299964e-09
208 5.333113e-05
209 4.390356e-05
210 3.581121e-05
211 2.906317e-05
212 2.357436e-05
213 1.919111e-05
214 1.572427e-05
215 1.297821e-05
216 1.077496e-05
217 8.967895e-06
218 7.446529e-06
219 6.136171e-06
220 4.990874e-06
221 3.985738e-06
222 3.109724e-06
223 2.358597e-06
224 1.731055e-06
225 1.223838e-06
226 8.299681e-07
227 5.398880e-07
228 3.425620e-07
229 2.046444e-07
230 1.067047e-07
231 4.585410e-08
232 1.360879e-08
233 -5.668364e-10
234 6.223872e-05
235 5.115480e-05
236 4.178006e-05
237 3.404375e-05
238 2.778154e-05
239 2.277219e-05
240 1.877746e-05
241 1.556710e-05
242 1.294270e-05
243 1.075022e-05
244 8.876835e-06
245 7.249963e-06
246 5.826816e-06
247 4.586250e-06
248 3.518905e-06
249 2.619968e-06
250 1.884803e-06
251 1.305570e-06
252 8.690604e-07
253 5.585085e-07
254 3.444123e-07
255 1.930479e-07
256 9.393718e-08
257 3.667846e-08
258 8.175895e-09
259 -3.500763e-09
260 7.653040e-05
261 6.278867e-05
262 5.127972e-05
263 4.185651e-05
264 3.426517e-05
265 2.819742e-05
266 2.334106e-05
267 1.940846e-05
268 1.616004e-05
269 1.341508e-05
270 1.104780e-05
271 8.979666e-06
272 7.167281e-06
273 5.591065e-06
274 4.243159e-06
275 3.118558e-06
276 2.210545e-06
277 1.506052e-06
278 9.858315e-07
279 6.255177e-07
280 3.741660e-07
281 1.983702e-07
282 8.861630e-08
283 2.892320e-08
284 1.576334e-09
285 -8.192298e-09
286 8.970316e-05
287 7.349942e-05
288 6.001315e-05
289 4.902703e-05
290 4.020792e-05
291 3.316596e-05
292 2.752058e-05
293 2.292856e-05
294 1.911194e-05
295 1.586409e-05
296 1.304705e-05
297 1.057670e-05
298 8.408349e-06
299 6.524190e-06
300 4.918230e-06
301 3.585344e-06
302 2.516395e-06
303 1.694988e-06
304 1.096255e-06
305 6.896358e-07
306 4.033297e-07
307 2.041679e-07
308 8.395323e-08
309 2.179370e-08
310 -4.580464e-09
311 -1.256948e-08
312 1.047015e-04
313 8.596169e-05
314 7.046930e-05
315 5.787834e-05
316 4.774047e-05
317 3.957880e-05
318 3.295184e-05
319 2.747856e-05
320 2.286029e-05
321 1.888556e-05
322 1.541617e-05
323 1.237316e-05
324 9.717932e-06
325 7.435105e-06
326 5.517215e-06
327 3.953320e-06
328 2.725925e-06
329 1.805925e-06
330 1.155676e-06
331 7.064241e-07
332 3.897744e-07
333 1.850005e-07
334 6.844529e-08
335 1.156879e-08
336 -1.075033e-08
337 -1.615487e-08
338 1.338004e-04
339 1.099796e-04
340 9.042851e-05
341 7.459406e-05
342 6.182925e-05
343 5.148897e-05
344 4.300426e-05
345 3.590450e-05
346 2.983518e-05
347 2.455712e-05
348 1.992221e-05
349 1.585240e-05
350 1.231428e-05
351 9.296953e-06
352 6.791835e-06
353 4.780245e-06
354 3.231295e-06
355 2.099030e-06
356 1.321324e-06
357 7.760657e-07
358 3.988380e-07
359 1.687308e-07
360 4.723425e-08
361 -5.958206e-09
362 -2.303452e-08
363 -2.407599e-08
364 2.010871e-04
365 1.665973e-04
366 1.383494e-04
367 1.153173e-04
368 9.645190e-05
369 8.080348e-05
370 6.760306e-05
371 5.625806e-05
372 4.635534e-05
373 3.764596e-05
374 2.999303e-05
375 2.333619e-05
376 1.765357e-05
377 1.292946e-05
378 9.131990e-06
379 6.199042e-06
380 4.045821e-06
381 2.548817e-06
382 1.506614e-06
383 7.877732e-07
384 3.430871e-07
385 1.032310e-07
386 -5.041526e-09
387 -4.185359e-08
388 -4.583668e-08
389 -3.777407e-08
390 1.779809e-06
391 1.825370e-06
392 1.849988e-06
393 1.848524e-06
394 1.816153e-06
395 1.749710e-06
396 1.649116e-06
397 1.517762e-06
398 1.362720e-06
399 1.193960e-06
400 1.022437e-06
401 8.582987e-07
402 7.093666e-07
403 5.803098e-07
404 4.727941e-07
405 3.859324e-07
406 3.172660e-07
407 2.635690e-07
408 2.213638e-07
409 1.875259e-07
410 1.595320e-07
411 1.354532e-07
412 1.141149e-07
413 9.454406e-08
414 7.647456e-08
415 6.061744e-08
416 2.948665e-06
417 3.011557e-06
418 3.034636e-06
419 3.008955e-06
420 2.927085e-06
421 2.785876e-06
422 2.588614e-06
423 2.345583e-06
424 2.072409e-06
425 1.787338e-06
426 1.508956e-06
427 1.251978e-06
428 1.026245e-06
429 8.361944e-07
430 6.816590e-07
431 5.591019e-07
432 4.632968e-07
433 3.885373e-07
434 3.292783e-07
435 2.807940e-07
436 2.395772e-07
437 2.033880e-07
438 1.701520e-07
439 1.387016e-07
440 1.106499e-07
441 8.686621e-08
442 3.259151e-06
443 3.337465e-06
444 3.371454e-06
445 3.349960e-06
446 3.263466e-06
447 3.107532e-06
448 2.886022e-06
449 2.611223e-06
450 2.302032e-06
451 1.979945e-06
452 1.666447e-06
453 1.378443e-06
454 1.126903e-06
455 9.163009e-07
456 7.460072e-07
457 6.117304e-07
458 5.073095e-07
459 4.262233e-07
460 3.620738e-07
461 3.095179e-07
462 2.647338e-07
463 2.254730e-07
464 1.884684e-07
465 1.531968e-07
466 1.220680e-07
467 9.581409e-08
468 3.461927e-06
469 3.550568e-06
470 3.591957e-06
471 3.573410e-06
472 3.484036e-06
473 3.318608e-06
474 3.081224e-06
475 2.785446e-06
476 2.452414e-06
477 2.106221e-06
478 1.769461e-06
479 1.461370e-06
480 1.192803e-06
481 9.686890e-07
482 7.881427e-07
483 6.461836e-07
484 5.361405e-07
485 4.509097e-07
486 3.835764e-07
487 3.283448e-07
488 2.812675e-07
489 2.399527e-07
490 2.004717e-07
491 1.626895e-07
492 1.295571e-07
493 1.016975e-07
494 3.655771e-06
495 3.754129e-06
496 3.802442e-06
497 3.786622e-06
498 3.694441e-06
499 3.519992e-06
500 3.267552e-06
501 2.951739e-06
502 2.595620e-06
503 2.226183e-06
504 1.868007e-06
505 1.540219e-06
506 1.255707e-06
507 1.018708e-06
508 8.282991e-07
509 6.790533e-07
510 5.636579e-07
511 4.744526e-07
512 4.040420e-07
513 3.462969e-07
514 2.970120e-07
515 2.537472e-07
516 2.119125e-07
517 1.717497e-07
518 1.366910e-07
519 1.072939e-07
520 8.276152e-06
521 8.253783e-06
522 8.083026e-06
523 7.754970e-06
524 7.273140e-06
525 6.657845e-06
526 5.947069e-06
527 5.188192e-06
528 4.429554e-06
529 3.712899e-06
530 3.070250e-06
531 2.518313e-06
532 2.061407e-06
533 1.694093e-06
534 1.404405e-06
535 1.177197e-06
536 9.974799e-07
537 8.517868e-07
538 7.291031e-07
539 6.216313e-07
540 5.247793e-07
541 4.347158e-07
542 3.501170e-07
543 2.767218e-07
544 2.153749e-07
545 1.640422e-07
546 1.134909e-05
547 1.124281e-05
548 1.092199e-05
549 1.038229e-05
550 9.639012e-06
551 8.730472e-06
552 7.717320e-06
553 6.667416e-06
554 5.644886e-06
555 4.702175e-06
556 3.873119e-06
557 3.173079e-06
558 2.601909e-06
559 2.147821e-06
560 1.791399e-06
561 1.511541e-06
562 1.288160e-06
563 1.104096e-06
564 9.460594e-07
565 8.051413e-07
566 6.766027e-07
567 5.540082e-07
568 4.418116e-07
569 3.471192e-07
570 2.681125e-07
571 2.019360e-07
572 1.318106e-05
573 1.303758e-05
574 1.263854e-05
575 1.198084e-05
576 1.108623e-05
577 1.000410e-05
578 8.808200e-06
579 7.580085e-06
580 6.394513e-06
581 5.310700e-06
582 4.365309e-06
583 3.573321e-06
584 2.931107e-06
585 2.422701e-06
586 2.025153e-06
587 1.713237e-06
588 1.463647e-06
589 1.256836e-06
590 1.077846e-06
591 9.174467e-07
592 7.701835e-07
593 6.275659e-07
594 4.986240e-07
595 3.909690e-07
596 3.011656e-07
597 2.258255e-07
598 1.492142e-05
599 1.474311e-05
600 1.427023e-05
601 1.350070e-05
602 1.246179e-05
603 1.121390e-05
604 9.844213e-06
605 8.446912e-06
606 7.107039e-06
607 5.889459e-06
608 4.833389e-06
609 3.953522e-06
610 3.243728e-06
611 2.683938e-06
612 2.247267e-06
613 1.904759e-06
614 1.630314e-06
615 1.401881e-06
616 1.203101e-06
617 1.024226e-06
618 8.591417e-07
619 6.975050e-07
620 5.526229e-07
621 4.326408e-07
622 3.325800e-07
623 2.485382e-07
624 1.935722e-05
625 1.881585e-05
626 1.789940e-05
627 1.664156e-05
628 1.510887e-05
629 1.339683e-05
630 1.161840e-05
631 9.879707e-06
632 8.267841e-06
633 6.842722e-06
634 5.631489e-06
635 4.636683e-06
636 3.839982e-06
637 3.211439e-06
638 2.715921e-06
639 2.318870e-06
640 1.990985e-06
641 1.709481e-06
642 1.458300e-06
643 1.228366e-06
644 1.010628e-06
645 8.092786e-07
646 6.374890e-07
647 4.937241e-07
648 3.733001e-07
649 2.737807e-07
650 2.533656e-05
651 2.442909e-05
652 2.303165e-05
653 2.121202e-05
654 1.907731e-05
655 1.676494e-05
656 1.442483e-05
657 1.218868e-05
658 1.015582e-05
659 8.388069e-06
660 6.907564e-06
661 5.704818e-06
662 4.748470e-06
663 3.995560e-06
664 3.399476e-06
665 2.916346e-06
666 2.510549e-06
667 2.155420e-06
668 1.833997e-06
669 1.536252e-06
670 1.249805e-06
671 9.933199e-07
672 7.781379e-07
673 5.979597e-07
674 4.472026e-07
675 3.237359e-07
676 3.080252e-05
677 2.957685e-05
678 2.775047e-05
679 2.542253e-05
680 2.273982e-05
681 1.987687e-05
682 1.701944e-05
683 1.432218e-05
684 1.189809e-05
685 9.811386e-06
686 8.080202e-06
687 6.684157e-06
688 5.579659e-06
689 4.712152e-06
690 4.023957e-06
691 3.462356e-06
692 2.985613e-06
693 2.564174e-06
694 2.179406e-06
695 1.820173e-06
696 1.470678e-06
697 1.163492e-06
698 9.085237e-07
699 6.949942e-07
700 5.162471e-07
701 3.705233e-07
702 3.842349e-05
703 3.637711e-05
704 3.366361e-05
705 3.044882e-05
706 2.693405e-05
707 2.333370e-05
708 1.985355e-05
709 1.665262e-05
710 1.383408e-05
711 1.144622e-05
712 9.485702e-06
713 7.913009e-06
714 6.666658e-06
715 5.677107e-06
716 4.876563e-06
717 4.206118e-06
718 3.622184e-06
719 3.094892e-06
720 2.607740e-06
721 2.141794e-06
722 1.713041e-06
723 1.348296e-06
724 1.042483e-06
725 7.861957e-07
726 5.747932e-07
727 4.065450e-07
728 5.209196e-05
729 4.877880e-05
730 4.463972e-05
731 3.994443e-05
732 3.498788e-05
733 3.005868e-05
734 2.541367e-05
735 2.123476e-05
736 1.762404e-05
737 1.461275e-05
738 1.216951e-05
739 1.022286e-05
740 8.680449e-06
741 7.446097e-06
742 6.430626e-06
743 5.560829e-06
744 4.785766e-06
745 4.074356e-06
746 3.407030e-06
747 2.761451e-06
748 2.189945e-06
749 1.711855e-06
750 1.310768e-06
751 9.755075e-07
752 7.021335e-07
753 4.886229e-07
754 8.448512e-05
755 7.729426e-05
756 6.923966e-05
757 6.082224e-05
758 5.249815e-05
759 4.464968e-05
760 3.757361e-05
761 3.143441e-05
762 2.627848e-05
763 2.206395e-05
764 1.867578e-05
765 1.596329e-05
766 1.376723e-05
767 1.194068e-05
768 1.036214e-05
769 8.941875e-06
770 7.628788e-06
771 6.389460e-06
772 5.200515e-06
773 4.135219e-06
774 3.236297e-06
775 2.481856e-06
776 1.851691e-06
777 1.337327e-06
778 9.339949e-07
779 6.321210e-07
780 1.435983e-04
781 1.350351e-04
782 1.236614e-04
783 1.100463e-04
784 9.504639e-05
785 7.975293e-05
786 6.527104e-05
787 5.247076e-05
788 4.182853e-05
789 3.342024e-05
790 2.703031e-05
791 2.229220e-05
792 1.879891e-05
793 1.617338e-05
794 1.410496e-05
795 1.236295e-05
796 1.079375e-05
797 9.309718e-06
798 7.873924e-06
799 6.485717e-06
800 5.172608e-06
801 3.942974e-06
802 2.876576e-06
803 2.150505e-06
804 1.607344e-06
805 1.100395e-06
806 8.848508e-04
807 8.048401e-04
808 7.124248e-04
809 6.137579e-04
810 5.154231e-04
811 4.236499e-04
812 3.430893e-04
813 2.761156e-04
814 2.229168e-04
815 1.821001e-04
816 1.514127e-04
817 1.283695e-04
818 1.106628e-04
819 9.638962e-05
820 8.413725e-05
821 7.297664e-05
822 6.240104e-05
823 5.223755e-05
824 4.254392e-05
825 3.350478e-05
826 2.532384e-05
827 1.843032e-05
828 1.346140e-05
829 9.667161e-06
830 6.512010e-06
831 4.035806e-06
832 1.354861e-03
833 1.224750e-03
834 1.077365e-03
835 9.227651e-04
836 7.712011e-04
837 6.318611e-04
838 5.111344e-04
839 4.118298e-04
840 3.335650e-04
841 2.737937e-04
842 2.288858e-04
843 1.950146e-04
844 1.687173e-04
845 1.472038e-04
846 1.284459e-04
847 1.111523e-04
848 9.466185e-05
849 7.880178e-05
850 6.372744e-05
851 4.975872e-05
852 3.721981e-05
853 2.698546e-05
854 1.974424e-05
855 1.397712e-05
856 9.222849e-06
857 5.618886e-06
858 1.653271e-03
859 1.491474e-03
860 1.309284e-03
861 1.119231e-03
862 9.338891e-04
863 7.643300e-04
864 6.180592e-04
865 4.981747e-04
866 4.039436e-04
867 3.320945e-04
868 2.781247e-04
869 2.373558e-04
870 2.055915e-04
871 1.794755e-04
872 1.565874e-04
873 1.354038e-04
874 1.151637e-04
875 9.569270e-05
876 7.720652e-05
877 6.010945e-05
878 4.480312e-05
879 3.244133e-05
880 2.374693e-05
881 1.672639e-05
882 1.095450e-05
883 6.630857e-06
884 1.936891e-03
885 1.744987e-03
886 1.529723e-03
887 1.305976e-03
888 1.088531e-03
889 8.902482e-04
890 7.196959e-04
891 5.802478e-04
892 4.708386e-04
893 3.875076e-04
894 3.249233e-04
895 2.775976e-04
896 2.406368e-04
897 2.101463e-04
898 1.833330e-04
899 1.584525e-04
900 1.346488e-04
901 1.117462e-04
902 9.001742e-05
903 6.994719e-05
904 5.201055e-05
905 3.762604e-05
906 2.755043e-05
907 1.933859e-05
908 1.259910e-05
909 7.590982e-06
910 -3.079605e-05
911 -2.689047e-05
912 -2.294506e-05
913 -1.922581e-05
914 -1.591398e-05
915 -1.310156e-05
916 -1.079978e-05
917 -8.965729e-06
918 -7.527450e-06
919 -6.403134e-06
920 -5.512799e-06
921 -4.786076e-06
922 -4.166609e-06
923 -3.613487e-06
924 -3.101043e-06
925 -2.616934e-06
926 -2.159026e-06
927 -1.732165e-06
928 -1.344114e-06
929 -1.000648e-06
930 -7.243634e-07
931 -5.621504e-07
932 -3.955240e-07
933 -2.532784e-07
934 -1.582418e-07
935 -9.714268e-08
936 1.495447e-04
937 1.289963e-04
938 1.081709e-04
939 8.861532e-05
940 7.145047e-05
941 5.726364e-05
942 4.610657e-05
943 3.765956e-05
944 3.141836e-05
945 2.683179e-05
946 2.338452e-05
947 2.064928e-05
948 1.830554e-05
949 1.614090e-05
950 1.403856e-05
951 1.195888e-05
952 9.917752e-06
953 7.962156e-06
954 6.147999e-06
955 4.513653e-06
956 3.117049e-06
957 2.400185e-06
958 1.726775e-06
959 1.042547e-06
960 5.961498e-07
961 3.270818e-07
962 8.002099e-04
963 6.834142e-04
964 5.695460e-04
965 4.660681e-04
966 3.774591e-04
967 3.053705e-04
968 2.491015e-04
969 2.064675e-04
970 1.746324e-04
971 1.507030e-04
972 1.320873e-04
973 1.167013e-04
974 1.030273e-04
975 9.010760e-05
976 7.746838e-05
977 6.502323e-05
978 5.295410e-05
979 4.159014e-05
980 3.128149e-05
981 2.227706e-05
982 1.577911e-05
983 1.190921e-05
984 7.828867e-06
985 4.584146e-06
986 2.537697e-06
987 1.361913e-06
988 1.310692e-03
989 1.117025e-03
990 9.296141e-04
991 7.603977e-04
992 6.162205e-04
993 4.993244e-04
994 4.082485e-04
995 3.392608e-04
996 2.876858e-04
997 2.487903e-04
998 2.183263e-04
999 1.929705e-04
1000 1.702808e-04
1001 1.487461e-04
1002 1.276405e-04
1003 1.068847e-04
1004 8.679062e-05
1005 6.793388e-05
1006 5.088375e-05
1007 3.608113e-05
1008 2.575943e-05
1009 1.929782e-05
1010 1.251068e-05
1011 7.292887e-06
1012 4.026600e-06
1013 2.163808e-06
1014 1.785336e-03
1015 1.520247e-03
1016 1.264450e-03
1017 1.034057e-03
1018 8.381441e-04
1019 6.795373e-04
1020 5.560992e-04
1021 4.626528e-04
1022 3.927464e-04
1023 3.399232e-04
1024 2.984714e-04
1025 2.638469e-04
1026 2.327783e-04
1027 2.032418e-04
1028 1.742840e-04
1029 1.457992e-04
1030 1.182592e-04
1031 9.244068e-05
1032 6.912858e-05
1033 4.893440e-05
1034 3.504434e-05
1035 2.617594e-05
1036 1.687192e-05
1037 9.814420e-06
1038 5.410672e-06
1039 2.908328e-06
1040 -3.804728e-06
1041 -3.535796e-06
1042 -3.234322e-06
1043 -2.912835e-06
1044 -2.581885e-06
1045 -2.252332e-06
1046 -1.935214e-06
1047 -1.640634e-06
1048 -1.376383e-06
1049 -1.146971e-06
1050 -9.533272e-07
1051 -7.932897e-07
1052 -6.627014e-07
1053 -5.564823e-07
1054 -4.694430e-07
1055 -3.971141e-07
1056 -3.358628e-07
1057 -2.829125e-07
1058 -2.360981e-07
1059 -1.939346e-07
1060 -1.593700e-07
1061 -1.279675e-07
1062 -9.855305e-08
1063 -7.452752e-08
1064 -5.594352e-08
1065 -4.115618e-08
1066 -3.487088e-05
1067 -2.971791e-05
1068 -2.498837e-05
1069 -2.085842e-05
1070 -1.737499e-05
1071 -1.451777e-05
1072 -1.222321e-05
1073 -1.040056e-05
1074 -8.949384e-06
1075 -7.773397e-06
1076 -6.788222e-06
1077 -5.926631e-06
1078 -5.140256e-06
1079 -4.400153e-06
1080 -3.694460e-06
1081 -3.024479e-06
1082 -2.400231e-06
1083 -1.835605e-06
1084 -1.340057e-06
1085 -9.717961e-07
1086 -7.564830e-07
1087 -5.004923e-07
1088 -3.164205e-07
1089 -1.966782e-07
1090 -1.191811e-07
1091 -7.065025e-08
1092 2.167074e-04
1093 1.799713e-04
1094 1.469596e-04
1095 1.190932e-04
1096 9.667307e-05
1097 7.932950e-05
1098 6.630297e-05
1099 5.665050e-05
1100 4.941812e-05
1101 4.377367e-05
1102 3.904751e-05
1103 3.476248e-05
1104 3.061895e-05
1105 2.648070e-05
1106 2.233996e-05
1107 1.827927e-05
1108 1.442829e-05
1109 1.092156e-05
1110 7.835491e-06
1111 5.424052e-06
1112 4.221903e-06
1113 2.794926e-06
1114 1.633508e-06
1115 8.915480e-07
1116 4.759189e-07
1117 2.565727e-07
1118 8.225010e-04
1119 6.826720e-04
1120 5.587492e-04
1121 4.550913e-04
1122 3.720539e-04
1123 3.078212e-04
1124 2.593450e-04
1125 2.230365e-04
1126 1.953733e-04
1127 1.733091e-04
1128 1.544422e-04
1129 1.370765e-04
1130 1.201810e-04
1131 1.033282e-04
1132 8.655976e-05
1133 7.023789e-05
1134 5.488481e-05
1135 4.101954e-05
1136 2.894754e-05
1137 2.049056e-05
1138 1.562329e-05
1139 9.936264e-06
1140 5.735447e-06
1141 3.122705e-06
1142 1.660939e-06
1143 8.851785e-07
1144 1.419455e-03
1145 1.177790e-03
1146 9.643151e-04
1147 7.861624e-04
1148 6.436407e-04
1149 5.334432e-04
1150 4.502278e-04
1151 3.877800e-04
1152 3.400392e-04
1153 3.017863e-04
1154 2.689222e-04
1155 2.385652e-04
1156 2.089800e-04
1157 1.794690e-04
1158 1.501382e-04
1159 1.216367e-04
1160 9.487993e-05
1161 7.076033e-05
1162 4.981155e-05
1163 3.548928e-05
1164 2.689701e-05
1165 1.697989e-05
1166 9.787359e-06
1167 5.333610e-06
1168 2.847474e-06
1169 1.522727e-06
1170 -4.746884e-07
1171 -4.613195e-07
1172 -4.394192e-07
1173 -4.094075e-07
1174 -3.724594e-07
1175 -3.306391e-07
1176 -2.865883e-07
1177 -2.430492e-07
1178 -2.024106e-07
1179 -1.663440e-07
1180 -1.357137e-07
1181 -1.106518e-07
1182 -9.072342e-08
1183 -7.516250e-08
1184 -6.306511e-08
1185 -5.354923e-08
1186 -4.585309e-08
1187 -3.937496e-08
1188 -3.368694e-08
1189 -2.852755e-08
1190 -2.376147e-08
1191 -1.928473e-08
1192 -1.526389e-08
1193 -1.190168e-08
1194 -9.132191e-09
1195 -6.828774e-09
1196 -4.900010e-06
1197 -4.204193e-06
1198 -3.569318e-06
1199 -3.012685e-06
1200 -2.537607e-06
1201 -2.141211e-06
1202 -1.816175e-06
1203 -1.552037e-06
1204 -1.337009e-06
1205 -1.159515e-06
1206 -1.009190e-06
1207 -8.776649e-07
1208 -7.588515e-07
1209 -6.490193e-07
1210 -5.464054e-07
1211 -4.505380e-07
1212 -3.618491e-07
1213 -2.817436e-07
1214 -2.127161e-07
1215 -1.685774e-07
1216 -1.275851e-07
1217 -8.802650e-08
1218 -5.976894e-08
1219 -4.008544e-08
1220 -2.670230e-08
1221 -1.731253e-08
1222 -1.462109e-05
1223 -1.222482e-05
1224 -1.023385e-05
1225 -8.630997e-06
1226 -7.361264e-06
1227 -6.362525e-06
1228 -5.571807e-06
1229 -4.929674e-06
1230 -4.384552e-06
1231 -3.895551e-06
1232 -3.433170e-06
1233 -2.979888e-06
1234 -2.529640e-06
1235 -2.087098e-06
1236 -1.664547e-06
1237 -1.276515e-06
1238 -9.318870e-07
1239 -6.300251e-07
1240 -4.237844e-07
1241 -3.298334e-07
1242 -1.704024e-07
1243 -8.802350e-08
1244 -3.972361e-08
1245 -1.438199e-08
1246 -6.145259e-10
1247 6.471352e-09
1248 3.376760e-04
1249 2.780336e-04
1250 2.279474e-04
1251 1.878121e-04
1252 1.566592e-04
1253 1.330205e-04
1254 1.152243e-04
1255 1.016068e-04
1256 9.069719e-05
1257 8.132525e-05
1258 7.264490e-05
1259 6.413404e-05
1260 5.556005e-05
1261 4.693842e-05
1262 3.845505e-05
1263 3.038805e-05
1264 2.302808e-05
1265 1.656003e-05
1266 1.146937e-05
1267 8.911746e-06
1268 5.932165e-06
1269 3.493016e-06
1270 1.948910e-06
1271 1.050324e-06
1272 5.725698e-07
1273 3.119206e-07
1274 1.026142e-03
1275 8.453434e-04
1276 6.945572e-04
1277 5.743464e-04
1278 4.813140e-04
1279 4.107360e-04
1280 3.574192e-04
1281 3.162935e-04
1282 2.829346e-04
1283 2.538645e-04
1284 2.266077e-04
1285 1.996837e-04
1286 1.724929e-04
1287 1.451822e-04
1288 1.183964e-04
1289 9.303495e-05
1290 7.000180e-05
1291 4.982726e-05
1292 3.475953e-05
1293 2.686380e-05
1294 1.741765e-05
1295 1.015733e-05
1296 5.595722e-06
1297 3.002023e-06
1298 1.614420e-06
1299 8.627277e-07
1300 2.904660e-06
1301 2.827215e-06
1302 2.696033e-06
1303 2.513541e-06
1304 2.287070e-06
1305 2.029647e-06
1306 1.758004e-06
1307 1.489457e-06
1308 1.238913e-06
1309 1.016895e-06
1310 8.287205e-07
1311 6.750958e-07
1312 5.532681e-07
1313 4.583915e-07
1314 3.848173e-07
1315 3.270649e-07
1316 2.803866e-07
1317 2.410701e-07
1318 2.065065e-07
1319 1.750960e-07
1320 1.459745e-07
1321 1.185544e-07
1322 9.392356e-08
1323 7.335101e-08
1324 5.628672e-08
1325 4.196805e-08
1326 9.846084e-06
1327 9.142061e-06
1328 8.293531e-06
1329 7.351138e-06
1330 6.371185e-06
1331 5.411229e-06
1332 4.519916e-06
1333 3.730703e-06
1334 3.060395e-06
1335 2.510516e-06
1336 2.071172e-06
1337 1.725825e-06
1338 1.454947e-06
1339 1.239482e-06
1340 1.063061e-06
1341 9.127964e-07
1342 7.797163e-07
1343 6.584642e-07
1344 5.465615e-07
1345 4.431992e-07
1346 3.491203e-07
1347 2.697661e-07
1348 2.057557e-07
1349 1.528795e-07
1350 1.096467e-07
1351 7.575262e-08
1352 1.362049e-05
1353 1.262925e-05
1354 1.134955e-05
1355 9.902318e-06
1356 8.409027e-06
1357 6.976505e-06
1358 5.683884e-06
1359 4.577706e-06
1360 3.674045e-06
1361 2.965364e-06
1362 2.427990e-06
1363 2.029403e-06
1364 1.734625e-06
1365 1.510792e-06
1366 1.330308e-06
1367 1.172538e-06
1368 1.024490e-06
1369 8.813331e-07
1370 7.218681e-07
1371 5.718224e-07
1372 4.593285e-07
1373 3.612010e-07
1374 2.736650e-07
1375 1.994663e-07
1376 1.391854e-07
1377 9.430386e-08
1378 5.438781e-05
1379 4.645008e-05
1380 3.933323e-05
1381 3.318022e-05
1382 2.799393e-05
1383 2.371481e-05
1384 2.023710e-05
1385 1.742340e-05
1386 1.512640e-05
1387 1.320772e-05
1388 1.154913e-05
1389 1.006097e-05
1390 8.684380e-06
1391 7.389913e-06
1392 6.169351e-06
1393 5.027444e-06
1394 3.977687e-06
1395 3.017724e-06
1396 2.320473e-06
1397 1.811945e-06
1398 1.267066e-06
1399 8.696529e-07
1400 5.824056e-07
1401 3.869308e-07
1402 2.546097e-07
1403 1.653456e-07
1404 6.386187e-04
1405 5.315501e-04
1406 4.450315e-04
1407 3.775063e-04
1408 3.255571e-04
1409 2.856203e-04
1410 2.543241e-04
1411 2.286458e-04
1412 2.061068e-04
1413 1.849035e-04
1414 1.639032e-04
1415 1.426201e-04
1416 1.211085e-04
1417 9.983623e-05
1418 7.948955e-05
1419 6.079770e-05
1420 4.427625e-05
1421 3.072242e-05
1422 2.367790e-05
1423 1.631663e-05
1424 9.844947e-06
1425 5.661390e-06
1426 3.156182e-06
1427 1.766820e-06
1428 9.885507e-07
1429 5.477234e-07
1430 1.452312e-01
1431 1.170012e-01
1432 9.389622e-02
1433 7.560249e-02
1434 6.149194e-02
1435 5.071953e-02
1436 4.240790e-02
1437 3.579793e-02
1438 3.031650e-02
1439 2.557723e-02
1440 2.135042e-02
1441 1.752238e-02
1442 1.405709e-02
1443 1.096198e-02
1444 8.262234e-03
1445 5.981571e-03
1446 4.130082e-03
1447 2.697793e-03
1448 1.653853e-03
1449 9.499749e-04
1450 5.295043e-04
1451 2.961129e-04
1452 8.781339e-05
1453 -4.007097e-05
1454 -6.691496e-05
1455 -4.861000e-05
1456 1.168615e-01
1457 9.524385e-02
1458 7.853226e-02
1459 6.563162e-02
1460 5.551244e-02
1461 4.730965e-02
1462 4.038081e-02
1463 3.429632e-02
1464 2.880222e-02
1465 2.377663e-02
1466 1.918813e-02
1467 1.505712e-02
1468 1.142613e-02
1469 8.335313e-03
1470 5.806729e-03
1471 3.834693e-03
1472 2.383574e-03
1473 1.391562e-03
1474 7.806048e-04
1475 4.745542e-04
1476 2.468761e-04
1477 -3.208826e-05
1478 -7.070709e-05
1479 -4.640024e-05
1480 -2.218050e-05
1481 -8.615433e-06
1482 9.513952e-02
1483 7.951115e-02
1484 6.727310e-02
1485 5.744325e-02
1486 4.928211e-02
1487 4.224134e-02
1488 3.595423e-02
1489 3.021344e-02
1490 2.493069e-02
1491 2.009498e-02
1492 1.574014e-02
1493 1.191637e-02
1494 8.669150e-03
1495 6.021454e-03
1496 3.965446e-03
1497 2.460395e-03
1498 1.437294e-03
1499 8.097438e-04
1500 4.985744e-04
1501 2.620009e-04
1502 -4.224857e-05
1503 -6.621904e-05
1504 -4.433048e-05
1505 -1.841534e-05
1506 -6.533565e-06
1507 -2.582061e-06
1508 7.652172e-02
1509 6.533155e-02
1510 5.621350e-02
1511 4.850274e-02
1512 4.175472e-02
1513 3.566885e-02
1514 3.007209e-02
1515 2.489434e-02
1516 2.013475e-02
1517 1.583079e-02
1518 1.203536e-02
1519 8.796029e-03
1520 6.140378e-03
1521 4.065053e-03
1522 2.534353e-03
1523 1.483827e-03
1524 8.295025e-04
1525 4.911720e-04
1526 2.944336e-04
1527 -3.227986e-05
1528 -7.556129e-05
1529 -5.049045e-05
1530 -2.453281e-05
1531 -8.086327e-06
1532 -3.242055e-06
1533 -1.412459e-06
1534 6.229312e-02
1535 5.402339e-02
1536 4.692863e-02
1537 4.061027e-02
1538 3.484569e-02
1539 2.950526e-02
1540 2.453554e-02
1541 1.994235e-02
1542 1.576682e-02
1543 1.206264e-02
1544 8.879473e-03
1545 6.248174e-03
1546 4.172112e-03
1547 2.622753e-03
1548 1.543629e-03
1549 8.574579e-04
1550 4.838993e-04
1551 3.164267e-04
1552 5.146681e-06
1553 -8.840999e-05
1554 -6.116520e-05
1555 -3.176466e-05
1556 -1.296310e-05
1557 -4.521367e-06
1558 -2.064264e-06
1559 -8.471753e-07
